image_00000 228 263 241 299
image_00001 226 268 243 299
image_00002 227 268 244 301
image_00003 228 263 244 301
image_00004 228 263 246 299
image_00005 226 261 246 299
image_00006 228 261 246 299
image_00007 229 263 247 298
image_00008 228 258 248 298
image_00009 227 258 250 300
image_00010 228 253 251 301
image_00011 227 254 248 298
image_00012 228 255 250 301
image_00013 228 251 249 301
image_00014 227 247 250 300
image_00015 224 247 251 298
image_00016 228 245 257 300
image_00017 226 242 255 301
image_00018 223 238 258 302
image_00019 221 239 256 298
image_00020 222 244 258 297
image_00021 225 242 258 304
image_00022 218 237 256 301
image_00023 222 238 255 300
image_00024 227 242 253 302
image_00025 223 240 251 299
image_00026 221 244 257 301
image_00027 235 246 261 300
image_00028 233 247 266 304
image_00029 238 245 264 305
image_00030 238 239 264 305
image_00031 238 238 277 305
image_00032 243 244 270 300
image_00033 242 239 264 302
image_00034 240 239 270 303
image_00035 242 235 269 302
image_00036 242 234 266 302
image_00037 240 235 267 304
image_00038 249 242 265 299
image_00039 246 242 266 301
image_00040 242 238 267 299
image_00041 244 241 272 307
image_00042 245 245 278 307
image_00043 242 239 272 307
image_00044 240 235 275 308
image_00045 246 232 276 280
image_00046 244 228 274 275
image_00047 245 227 270 270
image_00048 249 229 271 277
image_00049 253 230 271 271
image_00050 252 224 271 273
image_00051 249 223 272 272
image_00052 251 222 272 269
image_00053 254 226 273 271
image_00054 254 229 272 269
image_00055 254 228 275 273
image_00056 253 226 276 269
image_00057 251 228 274 272
image_00058 253 229 278 274
image_00059 255 233 277 274
image_00060 253 229 276 273
image_00061 250 229 276 277
image_00062 250 231 277 277
image_00063 255 234 272 268
